SETTINGS <- 1
> top_models <- head(order(logpy.til, decreasing=TRUE), 10)
> res$mA[top_models, ]
      [,1] [,2] [,3] [,4] [,5] [,6] [,7] [,8] [,9] [,10] [,11] [,12] [,13]
 [1,]    1    1    0    0    0    1    0    0    0     1     1     0     1
 [2,]    1    1    0    0    0    1    0    0    0     0     1     1     1
 [3,]    1    1    0    0    0    1    0    1    0     0     1     1     1
 [4,]    1    1    0    0    0    1    0    1    1     1     0     0     0
 [5,]    1    1    0    0    0    1    0    0    0     0     0     1     0
 [6,]    1    1    0    0    0    1    0    0    0     1     1     0     1
 [7,]    1    1    0    0    0    1    1    0    0     0     1     1     1
 [8,]    1    1    0    0    0    1    0    1    0     0     1     1     1
 [9,]    1    1    0    0    0    1    0    0    1     0     1     1     1
[10,]    1    1    0    0    0    1    0    1    1     0     0     1     0
      [,14] [,15] [,16] [,17] [,18] [,19]
 [1,]     0     1     1     0     0     0
 [2,]     0     1     1     0     0     0
 [3,]     0     1     1     0     0     0
 [4,]     0     1     1     0     0     0
 [5,]     0     1     1     0     0     0
 [6,]     0     1     1     1     0     0
 [7,]     0     1     1     0     0     0
 [8,]     0     1     1     1     0     0
 [9,]     0     1     1     0     0     0
[10,]     0     1     1     0     0     0
> vp[top_models]
 [1] 0.024956493 0.022332643 0.015407907 0.012043885 0.011221786 0.010634598
 [7] 0.010306395 0.009724276 0.006509849 0.006304706
> log(vp[top_models[1]]) - log(vp[top_models])
 [1] 0.0000000 0.1110846 0.4822532 0.7285769 0.7992770 0.8530214 0.8843695
 [8] 0.9425086 1.3438178 1.3758378
> vlog.BIC[top_models[1]] - vlog.BIC[top_models]
 [1]  0.00000000 -0.05554231  2.54495040 -0.36428847 -5.97179253  2.35956631
 [7]  2.34389226  5.10089971  2.11416812 -0.68791889
> 

SETTINGS <- 2
> top_models <- head(order(logpy.til, decreasing=TRUE), 10)
> res$mA[top_models, ]
      [,1] [,2] [,3] [,4] [,5] [,6] [,7] [,8] [,9] [,10] [,11] [,12] [,13]
 [1,]    0    1    0    0    0    1    0    0    0     0     0     0     1
 [2,]    0    0    1    0    0    1    0    0    0     0     0     0     1
 [3,]    0    1    0    0    0    1    0    0    0     0     1     0     1
 [4,]    0    1    0    0    0    1    0    0    0     0     0     1     1
 [5,]    1    0    1    0    0    1    0    0    0     0     0     0     1
 [6,]    1    0    0    0    0    1    0    0    0     0     0     0     1
 [7,]    0    1    1    0    0    1    0    0    0     0     0     0     1
 [8,]    0    0    1    0    1    1    0    0    0     0     0     0     1
 [9,]    0    1    0    0    0    1    0    1    0     0     0     0     1
[10,]    0    1    0    0    0    1    0    0    0     0     0     0     0
> vp[top_models]
 [1] 0.17552975 0.05904322 0.05620582 0.03509022 0.02801941 0.02735613
 [7] 0.02056753 0.02011816 0.01942312 0.01838899
> log(vp[top_models[1]]) - log(vp[top_models])
 [1] 0.000000 1.089539 1.138788 1.609886 1.834911 1.858868 2.144095 2.166185
 [9] 2.201345 2.256057
> vlog.BIC[top_models[1]] - vlog.BIC[top_models]
 [1]  0.0000000 -0.5447695  2.1791900  1.9436411  1.8311286 -0.9294339
 [7]  1.6765366  1.6654914  1.6479119 -3.8766124
> 

SETTINGS <- 3
> top_models <- head(order(logpy.til, decreasing=TRUE), 10)
> res$mA[top_models, ]
      [,1] [,2] [,3] [,4] [,5] [,6] [,7] [,8] [,9] [,10] [,11] [,12] [,13]
 [1,]    0    0    0    0    0    0    0    0    0     0     0     0     1
 [2,]    0    0    0    0    0    0    0    0    0     0     1     0     1
 [3,]    0    0    0    0    0    0    0    0    0     0     0     1     1
 [4,]    0    0    1    0    0    0    0    0    0     0     0     0     1
 [5,]    0    1    0    0    0    0    0    0    0     0     0     0     1
 [6,]    1    0    0    0    0    0    0    0    0     0     0     0     1
 [7,]    0    0    0    0    0    0    0    0    0     0     0     0     1
 [8,]    0    0    0    0    0    0    0    0    0     1     0     0     1
 [9,]    0    0    0    1    0    0    0    0    0     0     0     0     1
[10,]    0    0    0    0    0    1    0    0    0     0     0     0     1
      [,14] [,15] [,16] [,17]
 [1,]     0     0     1     1
 [2,]     0     0     1     1
 [3,]     0     0     1     1
 [4,]     0     0     1     1
 [5,]     0     0     1     1
 [6,]     0     0     1     1
 [7,]     1     0     1     1
 [8,]     0     0     1     1
 [9,]     0     0     1     1
[10,]     0     0     1     1
> vp[top_models]
 [1] 0.675944915 0.055666202 0.039854707 0.038759369 0.028614728 0.021829354
 [7] 0.015611523 0.009215132 0.009117234 0.008523034
> log(vp[top_models[1]]) - log(vp[top_models])
 [1] 0.000000 2.496738 2.830871 2.858739 3.162190 3.432856 3.768102 4.295265
 [9] 4.305945 4.373339
> vlog.BIC[top_models[1]] - vlog.BIC[top_models]
 [1] 0.000000 2.754815 2.587748 2.573814 2.422089 2.286756 2.119133 1.855551
 [9] 1.850211 1.816514
> 

SETTINGS <- 4
> top_models <- head(order(logpy.til, decreasing=TRUE), 10)
> res$mA[top_models, ]
      [,1] [,2] [,3] [,4] [,5] [,6] [,7] [,8] [,9] [,10] [,11] [,12] [,13]
 [1,]    0    1    0    0    0    1    0    1    1     1     0     1     0
 [2,]    1    1    0    0    0    1    0    1    1     1     0     1     0
 [3,]    0    1    0    0    0    1    0    1    1     1     0     0     0
 [4,]    1    1    0    0    0    1    0    1    1     1     0     0     0
 [5,]    0    1    0    0    0    1    1    1    1     1     0     0     0
 [6,]    0    1    0    0    0    1    1    1    1     1     0     1     0
 [7,]    0    1    0    0    1    0    0    1    1     1     0     1     0
 [8,]    0    1    1    0    0    1    0    1    1     1     0     1     0
 [9,]    0    1    0    0    1    1    0    1    1     1     0     1     0
[10,]    0    1    0    0    1    0    0    1    1     1     0     0     0
      [,14] [,15] [,16] [,17]
 [1,]     0     0     1     1
 [2,]     0     0     1     1
 [3,]     0     0     1     1
 [4,]     0     0     1     1
 [5,]     0     0     1     1
 [6,]     0     0     1     1
 [7,]     0     0     1     1
 [8,]     0     0     1     1
 [9,]     0     0     1     1
[10,]     0     0     1     1
> vp[top_models]
 [1] 0.07590547 0.06720263 0.04916041 0.04458265 0.02435060 0.02354106
 [7] 0.02291174 0.01552942 0.01514370 0.01338240
> log(vp[top_models[1]]) - log(vp[top_models])
 [1] 0.0000000 0.1217763 0.4344000 0.5321439 1.1369322 1.1707424 1.1978392
 [8] 1.5867527 1.6119044 1.7355482
> vlog.BIC[top_models[1]] - vlog.BIC[top_models]
 [1]  0.0000000  3.2668320 -3.5449202 -0.2660719 -0.5684661  2.7423490
 [7] -0.5989196  2.5343438  2.5217680 -4.1954943
> 

SETTINGS <- 5
> top_models <- head(order(logpy.til, decreasing=TRUE), 10)
> res$mA[top_models, ]
      [,1] [,2] [,3] [,4] [,5] [,6] [,7] [,8] [,9] [,10] [,11] [,12] [,13]
 [1,]    1    0    1    1    0    0    0    0    0     0     1     0     1
 [2,]    1    0    1    1    0    0    0    1    0     0     1     0     1
 [3,]    0    0    1    1    0    0    0    1    1     0     0     0     1
 [4,]    0    0    1    1    0    0    0    1    0     0     0     0     1
 [5,]    1    0    1    1    0    0    0    1    0     0     0     0     1
 [6,]    1    0    1    1    0    0    0    1    1     0     1     0     1
 [7,]    1    0    1    0    1    0    0    0    0     0     1     0     1
 [8,]    1    0    1    1    0    0    0    1    1     0     0     0     1
 [9,]    1    0    1    1    0    0    0    1    0     1     1     0     1
[10,]    0    0    1    0    1    0    0    1    1     0     0     0     1
      [,14] [,15]
 [1,]     1     0
 [2,]     1     0
 [3,]     1     0
 [4,]     1     0
 [5,]     1     0
 [6,]     1     0
 [7,]     1     0
 [8,]     1     0
 [9,]     1     0
[10,]     1     0
> vp[top_models]
 [1] 0.012783763 0.011849719 0.011061821 0.008628211 0.008274059 0.007964065
 [7] 0.007488163 0.006384853 0.005456229 0.005267082
> log(vp[top_models[1]]) - log(vp[top_models])
 [1] 0.00000000 0.07587165 0.14467624 0.39313859 0.43505063 0.47323628
 [7] 0.53485230 0.69424738 0.85141794 0.88669929
> vlog.BIC[top_models[1]] - vlog.BIC[top_models]
 [1]  0.00000000  1.88713798 -0.07233812 -2.12164310 -0.21752532  3.61352946
 [7] -0.26742615  1.57795011  3.42443863 -0.44334965
> 