n,rho,lambda,accuracy
1000,0.1,0.1,0.3257997
1000,0.1,0.15,0.1202716
1000,0.1,0.2,0.659826
1000,0.1,0.25,0.2810639
1000,0.1,0.3,0.4207762
1000,0.1,0.35,0.4047075
1000,0.1,0.4,0.3432521
1000,0.1,0.45,0.6038243
1000,0.1,0.5,0.6973861
1000,0.1,0.55,0.7893995
1000,0.1,0.6,0.7459298
1000,0.1,0.65,0.6585049
1000,0.1,0.7,0.7797519
1000,0.1,0.75,0.6890463
1000,0.1,0.8,0.678841
1000,0.1,0.85,0.8374441
1000,0.1,0.9,0.7753056
1000,0.1,0.95,0.7829521
1000,0.1,1,0.7903221
1000,0.1,1.05,0.826417
1000,0.1,1.1,0.8498162
1000,0.1,1.15,0.8027361
1000,0.1,1.2,0.8487343
1000,0.1,1.25,0.8432208
1000,0.1,1.3,0.845855
1000,0.1,1.35,0.8492719
1000,0.1,1.4,0.8527036
1000,0.1,1.45,0.8568198
1000,0.1,1.5,0.8782666
1000,0.1,1.55,0.8746473
1000,0.1,1.6,0.8736505
1000,0.1,1.65,0.8933694
1000,0.1,1.7,0.8643194
1000,0.1,1.75,0.908517
1000,0.1,1.8,0.8844107
1000,0.1,1.85,0.9070535
1000,0.1,1.9,0.8962938
1000,0.1,1.95,0.9058962
1000,0.1,2,0.9128936
1000,0.1,2.05,0.9116735
1000,0.1,2.1,0.9050294
1000,0.1,2.15,0.9236677
1000,0.1,2.2,0.9193867
1000,0.1,2.25,0.9225462
1000,0.1,2.3,0.9213192
1000,0.1,2.35,0.9298373
1000,0.1,2.4,0.9241398
1000,0.1,2.45,0.9422744
1000,0.1,2.5,0.9282179
1000,0.1,2.55,0.9352634
1000,0.1,2.6,0.94728
1000,0.1,2.65,0.9456987
1000,0.1,2.7,0.9475395
1000,0.1,2.75,0.954109
1000,0.1,2.8,0.9415042
1000,0.1,2.85,0.9457834
1000,0.1,2.9,0.9581787
1000,0.1,2.95,0.9444494
1000,0.1,3,0.9440084
1000,0.1,3.05,0.9624594
1000,0.1,3.1,0.9580025
1000,0.1,3.15,0.9493599
1000,0.1,3.2,0.9635314
1000,0.1,3.25,0.9674476
1000,0.1,3.3,0.9655301
1000,0.1,3.35,0.9694814
1000,0.1,3.4,0.9683078
1000,0.1,3.45,0.967025
1000,0.1,3.5,0.9688357
1000,0.1,3.55,0.9735344
1000,0.1,3.6,0.9680481
1000,0.1,3.65,0.96435
1000,0.1,3.7,0.9694325
1000,0.1,3.75,0.971787
1000,0.1,3.8,0.9714323
1000,0.1,3.85,0.9756815
1000,0.1,3.9,0.9762514
1000,0.1,3.95,0.9775573
1000,0.1,4,0.977104
1000,0.1,4.05,0.9818751
1000,0.1,4.1,0.9787012
1000,0.1,4.15,0.9759537
1000,0.1,4.2,0.9796263
1000,0.1,4.25,0.9814256
1000,0.1,4.3,0.9801088
1000,0.1,4.35,0.9785813
1000,0.1,4.4,0.9844237
1000,0.1,4.45,0.9853235
1000,0.1,4.5,0.985795
1000,0.1,4.55,0.9858987
1000,0.1,4.6,0.9857066
1000,0.1,4.65,0.9837572
1000,0.1,4.7,0.9832974
1000,0.1,4.75,0.9869172
1000,0.1,4.8,0.9860861
1000,0.1,4.85,0.9842206
1000,0.1,4.9,0.9899211
1000,0.1,4.95,0.9903454
1000,0.1,5,0.989746
1000,0.1,5.05,0.9830762
1000,0.1,5.1,0.9886152
1000,0.1,5.15,0.9900207
1000,0.1,5.2,0.9907411
1000,0.1,5.25,0.9914715
1000,0.1,5.3,0.9872812
1000,0.1,5.35,0.9903902
1000,0.1,5.4,0.9886568
1000,0.1,5.45,0.991635
1000,0.1,5.5,0.9933077
1000,0.1,5.55,0.9902017
1000,0.1,5.6,0.9926186
1000,0.1,5.65,0.993913
1000,0.1,5.7,0.9925277
1000,0.1,5.75,0.9936733
1000,0.1,5.8,0.9940086
1000,0.1,5.85,0.9938394
1000,0.1,5.9,0.9939759
1000,0.1,5.95,0.9929314
1000,0.1,6,0.9947003
1000,0.1,6.05,0.9924117
1000,0.1,6.1,0.9935181
1000,0.1,6.15,0.9945798
1000,0.1,6.2,0.9934336
1000,0.1,6.25,0.9944088
1000,0.1,6.3,0.9952309
1000,0.1,6.35,0.9949637
1000,0.1,6.4,0.9942314
1000,0.1,6.45,0.9955945
1000,0.1,6.5,0.9942845
1000,0.1,6.55,0.9966774
1000,0.1,6.6,0.9959715
1000,0.1,6.65,0.9958752
1000,0.1,6.7,0.995188
1000,0.1,6.75,0.9963119
1000,0.1,6.8,0.9969183
1000,0.1,6.85,0.9966952
1000,0.1,6.9,0.995716
1000,0.1,6.95,0.9963496
1000,0.1,7,0.9966119
1000,0.1,7.05,0.996602
1000,0.1,7.1,0.996958
1000,0.1,7.15,0.9969724
1000,0.1,7.2,0.9964795
1000,0.1,7.25,0.9970068
1000,0.1,7.3,0.9970199
1000,0.1,7.35,0.9972458
1000,0.1,7.4,0.9962225
1000,0.1,7.45,0.9972954
1000,0.1,7.5,0.9974508
1000,0.1,7.55,0.9967941
1000,0.1,7.6,0.9977779
1000,0.1,7.65,0.996955
1000,0.1,7.7,0.9971483
1000,0.1,7.75,0.9972286
1000,0.1,7.8,0.9975266
1000,0.1,7.85,0.9981092
1000,0.1,7.9,0.9975495
1000,0.1,7.95,0.9964591
1000,0.1,8,0.9977994
1000,0.1,8.05,0.9975472
1000,0.1,8.1,0.996879
1000,0.1,8.15,0.9975195
1000,0.1,8.2,0.998068
1000,0.1,8.25,0.9974311
1000,0.1,8.3,0.9976202
1000,0.1,8.35,0.9973314
1000,0.1,8.4,0.997567
1000,0.1,8.45,0.9980096
1000,0.1,8.5,0.9980003
1000,0.1,8.55,0.9975352
1000,0.1,8.6,0.9977554
1000,0.1,8.65,0.9977899
1000,0.1,8.7,0.9976795
1000,0.1,8.75,0.9979925
1000,0.1,8.8,0.997189
1000,0.1,8.85,0.9975716
1000,0.1,8.9,0.9981897
1000,0.1,8.95,0.9977
1000,0.1,9,0.998205
1000,0.1,9.05,0.9979461
1000,0.1,9.1,0.9977164
1000,0.1,9.15,0.9983011
1000,0.1,9.2,0.9979385
1000,0.1,9.25,0.9980444
1000,0.1,9.3,0.9974246
1000,0.1,9.35,0.9975489
1000,0.1,9.4,0.9982967
1000,0.1,9.45,0.9975541
1000,0.1,9.5,0.9980482
1000,0.1,9.55,0.9974938
1000,0.1,9.6,0.997568
1000,0.1,9.65,0.9975714
1000,0.1,9.7,0.9982143
1000,0.1,9.75,0.9976513
1000,0.1,9.8,0.997755
1000,0.1,9.85,0.997894
1000,0.1,9.9,0.9978757
1000,0.1,9.95,0.9981969
1000,0.1,10,0.9978112
1000,0.2,0.1,-4.888918E-006
1000,0.2,0.15,0.1904994
1000,0.2,0.2,0.498262
1000,0.2,0.25,0.5537935
1000,0.2,0.3,0.4082247
1000,0.2,0.35,0.17462
1000,0.2,0.4,0.6391334
1000,0.2,0.45,0.6650122
1000,0.2,0.5,0.6693704
1000,0.2,0.55,0.7000455
1000,0.2,0.6,0.5784677
1000,0.2,0.65,0.7717859
1000,0.2,0.7,0.670337
1000,0.2,0.75,0.7777703
1000,0.2,0.8,0.7405375
1000,0.2,0.85,0.7911914
1000,0.2,0.9,0.8468416
1000,0.2,0.95,0.8253387
1000,0.2,1,0.8354212
1000,0.2,1.05,0.7919128
1000,0.2,1.1,0.7822187
1000,0.2,1.15,0.8302519
1000,0.2,1.2,0.8431918
1000,0.2,1.25,0.8370566
1000,0.2,1.3,0.8623244
1000,0.2,1.35,0.8655234
1000,0.2,1.4,0.8559382
1000,0.2,1.45,0.848992
1000,0.2,1.5,0.8774913
1000,0.2,1.55,0.8491206
1000,0.2,1.6,0.8752041
1000,0.2,1.65,0.8594333
1000,0.2,1.7,0.879401
1000,0.2,1.75,0.8886004
1000,0.2,1.8,0.8812885
1000,0.2,1.85,0.8672499
1000,0.2,1.9,0.9074395
1000,0.2,1.95,0.9039336
1000,0.2,2,0.9231365
1000,0.2,2.05,0.9060355
1000,0.2,2.1,0.9190603
1000,0.2,2.15,0.9150552
1000,0.2,2.2,0.9128664
1000,0.2,2.25,0.9166692
1000,0.2,2.3,0.9333779
1000,0.2,2.35,0.9187449
1000,0.2,2.4,0.9256643
1000,0.2,2.45,0.9305097
1000,0.2,2.5,0.9410872
1000,0.2,2.55,0.9399382
1000,0.2,2.6,0.9320286
1000,0.2,2.65,0.9467403
1000,0.2,2.7,0.9508908
1000,0.2,2.75,0.9375588
1000,0.2,2.8,0.9494375
1000,0.2,2.85,0.9426545
1000,0.2,2.9,0.9576299
1000,0.2,2.95,0.9513259
1000,0.2,3,0.9583772
1000,0.2,3.05,0.9502955
1000,0.2,3.1,0.9624165
1000,0.2,3.15,0.9605254
1000,0.2,3.2,0.9680413
1000,0.2,3.25,0.969248
1000,0.2,3.3,0.9648775
1000,0.2,3.35,0.9626083
1000,0.2,3.4,0.9641251
1000,0.2,3.45,0.9653567
1000,0.2,3.5,0.9726782
1000,0.2,3.55,0.9685108
1000,0.2,3.6,0.9707393
1000,0.2,3.65,0.9769861
1000,0.2,3.7,0.9745974
1000,0.2,3.75,0.9756902
1000,0.2,3.8,0.9763204
1000,0.2,3.85,0.9839149
1000,0.2,3.9,0.974154
1000,0.2,3.95,0.9785077
1000,0.2,4,0.982669
1000,0.2,4.05,0.9811925
1000,0.2,4.1,0.9803645
1000,0.2,4.15,0.9802519
1000,0.2,4.2,0.9807086
1000,0.2,4.25,0.9848713
1000,0.2,4.3,0.980828
1000,0.2,4.35,0.9821375
1000,0.2,4.4,0.9871308
1000,0.2,4.45,0.9860961
1000,0.2,4.5,0.9867688
1000,0.2,4.55,0.9867995
1000,0.2,4.6,0.9860163
1000,0.2,4.65,0.9856679
1000,0.2,4.7,0.9904339
1000,0.2,4.75,0.9895768
1000,0.2,4.8,0.9889853
1000,0.2,4.85,0.9876982
1000,0.2,4.9,0.9881389
1000,0.2,4.95,0.9879511
1000,0.2,5,0.9907902
1000,0.2,5.05,0.9883448
1000,0.2,5.1,0.9892402
1000,0.2,5.15,0.9919981
1000,0.2,5.2,0.9925709
1000,0.2,5.25,0.9896984
1000,0.2,5.3,0.992337
1000,0.2,5.35,0.991336
1000,0.2,5.4,0.9909804
1000,0.2,5.45,0.9926414
1000,0.2,5.5,0.9922295
1000,0.2,5.55,0.992717
1000,0.2,5.6,0.9919714
1000,0.2,5.65,0.9922637
1000,0.2,5.7,0.9951041
1000,0.2,5.75,0.9935404
1000,0.2,5.8,0.9934805
1000,0.2,5.85,0.9935675
1000,0.2,5.9,0.9936392
1000,0.2,5.95,0.994063
1000,0.2,6,0.9948532
1000,0.2,6.05,0.9953946
1000,0.2,6.1,0.9945411
1000,0.2,6.15,0.9953237
1000,0.2,6.2,0.9949207
1000,0.2,6.25,0.9958122
1000,0.2,6.3,0.9946382
1000,0.2,6.35,0.9960577
1000,0.2,6.4,0.9953311
1000,0.2,6.45,0.9946842
1000,0.2,6.5,0.9955462
1000,0.2,6.55,0.9963572
1000,0.2,6.6,0.9958984
1000,0.2,6.65,0.9956123
1000,0.2,6.7,0.9970086
1000,0.2,6.75,0.9959935
1000,0.2,6.8,0.9965219
1000,0.2,6.85,0.996705
1000,0.2,6.9,0.9959332
1000,0.2,6.95,0.9959236
1000,0.2,7,0.9974532
1000,0.2,7.05,0.9967306
1000,0.2,7.1,0.9972546
1000,0.2,7.15,0.9965269
1000,0.2,7.2,0.9968607
1000,0.2,7.25,0.9969163
1000,0.2,7.3,0.9977184
1000,0.2,7.35,0.9975675
1000,0.2,7.4,0.9965177
1000,0.2,7.45,0.9977134
1000,0.2,7.5,0.9973147
1000,0.2,7.55,0.9974356
1000,0.2,7.6,0.9972669
1000,0.2,7.65,0.997058
1000,0.2,7.7,0.9967017
1000,0.2,7.75,0.9975874
1000,0.2,7.8,0.9967548
1000,0.2,7.85,0.9978465
1000,0.2,7.9,0.9971873
1000,0.2,7.95,0.9975918
1000,0.2,8,0.9979917
1000,0.2,8.05,0.9968241
1000,0.2,8.1,0.9974064
1000,0.2,8.15,0.9979006
1000,0.2,8.2,0.9978836
1000,0.2,8.25,0.9982715
1000,0.2,8.3,0.9972429
1000,0.2,8.35,0.9976643
1000,0.2,8.4,0.9974386
1000,0.2,8.45,0.9981818
1000,0.2,8.5,0.9973924
1000,0.2,8.55,0.9980786
1000,0.2,8.6,0.997475
1000,0.2,8.65,0.9973522
1000,0.2,8.7,0.9981712
1000,0.2,8.75,0.9979429
1000,0.2,8.8,0.9971055
1000,0.2,8.85,0.9978856
1000,0.2,8.9,0.9979068
1000,0.2,8.95,0.9981097
1000,0.2,9,0.9979492
1000,0.2,9.05,0.997973
1000,0.2,9.1,0.9979406
1000,0.2,9.15,0.9981283
1000,0.2,9.2,0.9981638
1000,0.2,9.25,0.9980786
1000,0.2,9.3,0.9978268
1000,0.2,9.35,0.998051
1000,0.2,9.4,0.9976651
1000,0.2,9.45,0.9978368
1000,0.2,9.5,0.9978157
1000,0.2,9.55,0.9980795
1000,0.2,9.6,0.9978296
1000,0.2,9.65,0.9978965
1000,0.2,9.7,0.9969682
1000,0.2,9.75,0.9979303
1000,0.2,9.8,0.9979457
1000,0.2,9.85,0.9980991
1000,0.2,9.9,0.9977756
1000,0.2,9.95,0.9979682
1000,0.2,10,0.9978647
1000,0.3,0.1,0.02627728
1000,0.3,0.15,0.02399106
1000,0.3,0.2,0.0466108
1000,0.3,0.25,0.5339153
1000,0.3,0.3,0.3927684
1000,0.3,0.35,0.3258628
1000,0.3,0.4,0.5576556
1000,0.3,0.45,0.617417
1000,0.3,0.5,0.522073
1000,0.3,0.55,0.6537867
1000,0.3,0.6,0.7155169
1000,0.3,0.65,0.6744713
1000,0.3,0.7,0.7438846
1000,0.3,0.75,0.755619
1000,0.3,0.8,0.7842191
1000,0.3,0.85,0.7585313
1000,0.3,0.9,0.7488434
1000,0.3,0.95,0.7923704
1000,0.3,1,0.8028897
1000,0.3,1.05,0.824229
1000,0.3,1.1,0.8117919
1000,0.3,1.15,0.8409612
1000,0.3,1.2,0.8328875
1000,0.3,1.25,0.8404219
1000,0.3,1.3,0.8253203
1000,0.3,1.35,0.8567842
1000,0.3,1.4,0.8360067
1000,0.3,1.45,0.8678913
1000,0.3,1.5,0.8690517
1000,0.3,1.55,0.8616087
1000,0.3,1.6,0.8607602
1000,0.3,1.65,0.8882845
1000,0.3,1.7,0.8884376
1000,0.3,1.75,0.8915858
1000,0.3,1.8,0.8864108
1000,0.3,1.85,0.8965289
1000,0.3,1.9,0.909806
1000,0.3,1.95,0.9010684
1000,0.3,2,0.9074276
1000,0.3,2.05,0.9093653
1000,0.3,2.1,0.9227891
1000,0.3,2.15,0.9052179
1000,0.3,2.2,0.9184295
1000,0.3,2.25,0.9280689
1000,0.3,2.3,0.9232345
1000,0.3,2.35,0.9221262
1000,0.3,2.4,0.9378913
1000,0.3,2.45,0.9272463
1000,0.3,2.5,0.9326669
1000,0.3,2.55,0.929085
1000,0.3,2.6,0.938722
1000,0.3,2.65,0.9451389
1000,0.3,2.7,0.9482764
1000,0.3,2.75,0.9449431
1000,0.3,2.8,0.9510926
1000,0.3,2.85,0.9581164
1000,0.3,2.9,0.9535634
1000,0.3,2.95,0.9526468
1000,0.3,3,0.9619568
1000,0.3,3.05,0.9572619
1000,0.3,3.1,0.9600999
1000,0.3,3.15,0.956856
1000,0.3,3.2,0.9572416
1000,0.3,3.25,0.9645344
1000,0.3,3.3,0.9675235
1000,0.3,3.35,0.9699785
1000,0.3,3.4,0.9679851
1000,0.3,3.45,0.9662083
1000,0.3,3.5,0.9688361
1000,0.3,3.55,0.9757109
1000,0.3,3.6,0.975614
1000,0.3,3.65,0.9738346
1000,0.3,3.7,0.9747517
1000,0.3,3.75,0.9754562
1000,0.3,3.8,0.9782409
1000,0.3,3.85,0.9792062
1000,0.3,3.9,0.9764256
1000,0.3,3.95,0.9773935
1000,0.3,4,0.9835005
1000,0.3,4.05,0.9790726
1000,0.3,4.1,0.9834597
1000,0.3,4.15,0.9790588
1000,0.3,4.2,0.9809489
1000,0.3,4.25,0.9834677
1000,0.3,4.3,0.9852766
1000,0.3,4.35,0.9824647
1000,0.3,4.4,0.9844337
1000,0.3,4.45,0.9841541
1000,0.3,4.5,0.9842761
1000,0.3,4.55,0.9867276
1000,0.3,4.6,0.9839488
1000,0.3,4.65,0.9861736
1000,0.3,4.7,0.98688
1000,0.3,4.75,0.9893417
1000,0.3,4.8,0.9902461
1000,0.3,4.85,0.9884573
1000,0.3,4.9,0.9892189
1000,0.3,4.95,0.989116
1000,0.3,5,0.990262
1000,0.3,5.05,0.9902696
1000,0.3,5.1,0.9908663
1000,0.3,5.15,0.9900244
1000,0.3,5.2,0.9903521
1000,0.3,5.25,0.9905169
1000,0.3,5.3,0.9900586
1000,0.3,5.35,0.9928193
1000,0.3,5.4,0.991994
1000,0.3,5.45,0.9937987
1000,0.3,5.5,0.9932702
1000,0.3,5.55,0.9934705
1000,0.3,5.6,0.9936397
1000,0.3,5.65,0.9924002
1000,0.3,5.7,0.9934167
1000,0.3,5.75,0.9937061
1000,0.3,5.8,0.9957915
1000,0.3,5.85,0.9940939
1000,0.3,5.9,0.9948966
1000,0.3,5.95,0.9943845
1000,0.3,6,0.995873
1000,0.3,6.05,0.9947217
1000,0.3,6.1,0.9951002
1000,0.3,6.15,0.9955198
1000,0.3,6.2,0.9960214
1000,0.3,6.25,0.9954423
1000,0.3,6.3,0.9950212
1000,0.3,6.35,0.9950392
1000,0.3,6.4,0.9947231
1000,0.3,6.45,0.9962309
1000,0.3,6.5,0.9951963
1000,0.3,6.55,0.9959518
1000,0.3,6.6,0.9958549
1000,0.3,6.65,0.9965012
1000,0.3,6.7,0.9964909
1000,0.3,6.75,0.9962491
1000,0.3,6.8,0.9963235
1000,0.3,6.85,0.9966975
1000,0.3,6.9,0.9965377
1000,0.3,6.95,0.9967985
1000,0.3,7,0.9972826
1000,0.3,7.05,0.9972906
1000,0.3,7.1,0.9971169
1000,0.3,7.15,0.9972121
1000,0.3,7.2,0.9971547
1000,0.3,7.25,0.996838
1000,0.3,7.3,0.996968
1000,0.3,7.35,0.9971548
1000,0.3,7.4,0.9972805
1000,0.3,7.45,0.9971954
1000,0.3,7.5,0.9973025
1000,0.3,7.55,0.9978054
1000,0.3,7.6,0.9977743
1000,0.3,7.65,0.9975432
1000,0.3,7.7,0.9973722
1000,0.3,7.75,0.9978169
1000,0.3,7.8,0.9973163
1000,0.3,7.85,0.9972549
1000,0.3,7.9,0.9977548
1000,0.3,7.95,0.9977519
1000,0.3,8,0.9971895
1000,0.3,8.05,0.997768
1000,0.3,8.1,0.9978226
1000,0.3,8.15,0.9975825
1000,0.3,8.2,0.9973832
1000,0.3,8.25,0.99772
1000,0.3,8.3,0.9976326
1000,0.3,8.35,0.9976849
1000,0.3,8.4,0.9973948
1000,0.3,8.45,0.9978967
1000,0.3,8.5,0.9976415
1000,0.3,8.55,0.9975791
1000,0.3,8.6,0.9981913
1000,0.3,8.65,0.9979142
1000,0.3,8.7,0.9979169
1000,0.3,8.75,0.9977429
1000,0.3,8.8,0.9979509
1000,0.3,8.85,0.9976399
1000,0.3,8.9,0.9978631
1000,0.3,8.95,0.9976355
1000,0.3,9,0.9981207
1000,0.3,9.05,0.997576
1000,0.3,9.1,0.9974201
1000,0.3,9.15,0.9976347
1000,0.3,9.2,0.9973969
1000,0.3,9.25,0.9978066
1000,0.3,9.3,0.9973845
1000,0.3,9.35,0.9983444
1000,0.3,9.4,0.9978418
1000,0.3,9.45,0.9980847
1000,0.3,9.5,0.9985951
1000,0.3,9.55,0.9979222
1000,0.3,9.6,0.9978449
1000,0.3,9.65,0.9977875
1000,0.3,9.7,0.9980043
1000,0.3,9.75,0.9981496
1000,0.3,9.8,0.9977636
1000,0.3,9.85,0.9979994
1000,0.3,9.9,0.9975608
1000,0.3,9.95,0.9978698
1000,0.3,10,0.9980971
1000,0.4,0.1,0.006224015
1000,0.4,0.15,0.07790755
1000,0.4,0.2,0.2780646
1000,0.4,0.25,0.1914325
1000,0.4,0.3,0.3508311
1000,0.4,0.35,0.5189092
1000,0.4,0.4,0.5891066
1000,0.4,0.45,0.5765629
1000,0.4,0.5,0.6377447
1000,0.4,0.55,0.7086184
1000,0.4,0.6,0.6977225
1000,0.4,0.65,0.6928102
1000,0.4,0.7,0.7082124
1000,0.4,0.75,0.7455499
1000,0.4,0.8,0.7642214
1000,0.4,0.85,0.7821199
1000,0.4,0.9,0.7803706
1000,0.4,0.95,0.7913682
1000,0.4,1,0.8140266
1000,0.4,1.05,0.8024645
1000,0.4,1.1,0.8222473
1000,0.4,1.15,0.8241109
1000,0.4,1.2,0.8251468
1000,0.4,1.25,0.8445328
1000,0.4,1.3,0.8577792
1000,0.4,1.35,0.8484807
1000,0.4,1.4,0.8694674
1000,0.4,1.45,0.8628923
1000,0.4,1.5,0.8728259
1000,0.4,1.55,0.876634
1000,0.4,1.6,0.8566152
1000,0.4,1.65,0.8667801
1000,0.4,1.7,0.8871161
1000,0.4,1.75,0.8879225
1000,0.4,1.8,0.8863069
1000,0.4,1.85,0.8985196
1000,0.4,1.9,0.8992978
1000,0.4,1.95,0.9016282
1000,0.4,2,0.8920696
1000,0.4,2.05,0.9029502
1000,0.4,2.1,0.9159268
1000,0.4,2.15,0.9185129
1000,0.4,2.2,0.9183312
1000,0.4,2.25,0.9287515
1000,0.4,2.3,0.9343684
1000,0.4,2.35,0.9315825
1000,0.4,2.4,0.9352138
1000,0.4,2.45,0.9299875
1000,0.4,2.5,0.9405039
1000,0.4,2.55,0.9469386
1000,0.4,2.6,0.9400268
1000,0.4,2.65,0.9478076
1000,0.4,2.7,0.9454262
1000,0.4,2.75,0.9514821
1000,0.4,2.8,0.9540954
1000,0.4,2.85,0.9438849
1000,0.4,2.9,0.9478014
1000,0.4,2.95,0.9611588
1000,0.4,3,0.9538297
1000,0.4,3.05,0.9609904
1000,0.4,3.1,0.9621541
1000,0.4,3.15,0.9594435
1000,0.4,3.2,0.9644904
1000,0.4,3.25,0.9663163
1000,0.4,3.3,0.9654797
1000,0.4,3.35,0.9636821
1000,0.4,3.4,0.9707925
1000,0.4,3.45,0.9718044
1000,0.4,3.5,0.9682786
1000,0.4,3.55,0.9685223
1000,0.4,3.6,0.9714955
1000,0.4,3.65,0.9726584
1000,0.4,3.7,0.9710448
1000,0.4,3.75,0.9747729
1000,0.4,3.8,0.9779023
1000,0.4,3.85,0.9754119
1000,0.4,3.9,0.9779692
1000,0.4,3.95,0.9785667
1000,0.4,4,0.979054
1000,0.4,4.05,0.9819171
1000,0.4,4.1,0.9802748
1000,0.4,4.15,0.9825928
1000,0.4,4.2,0.981626
1000,0.4,4.25,0.9814571
1000,0.4,4.3,0.9847207
1000,0.4,4.35,0.9835249
1000,0.4,4.4,0.9831687
1000,0.4,4.45,0.9847965
1000,0.4,4.5,0.9830538
1000,0.4,4.55,0.9850518
1000,0.4,4.6,0.9855176
1000,0.4,4.65,0.9855549
1000,0.4,4.7,0.9886578
1000,0.4,4.75,0.988112
1000,0.4,4.8,0.9881559
1000,0.4,4.85,0.9893406
1000,0.4,4.9,0.9901261
1000,0.4,4.95,0.9893588
1000,0.4,5,0.990738
1000,0.4,5.05,0.9920456
1000,0.4,5.1,0.9898875
1000,0.4,5.15,0.9917226
1000,0.4,5.2,0.9899258
1000,0.4,5.25,0.9911532
1000,0.4,5.3,0.9907164
1000,0.4,5.35,0.9919251
1000,0.4,5.4,0.9927437
1000,0.4,5.45,0.9932501
1000,0.4,5.5,0.9930077
1000,0.4,5.55,0.9932109
1000,0.4,5.6,0.9920674
1000,0.4,5.65,0.9939223
1000,0.4,5.7,0.993954
1000,0.4,5.75,0.99485
1000,0.4,5.8,0.9947634
1000,0.4,5.85,0.9955614
1000,0.4,5.9,0.9947924
1000,0.4,5.95,0.9948659
1000,0.4,6,0.9949227
1000,0.4,6.05,0.9961954
1000,0.4,6.1,0.996064
1000,0.4,6.15,0.9942646
1000,0.4,6.2,0.9956905
1000,0.4,6.25,0.9952586
1000,0.4,6.3,0.995676
1000,0.4,6.35,0.9949008
1000,0.4,6.4,0.9961508
1000,0.4,6.45,0.9963358
1000,0.4,6.5,0.9965828
1000,0.4,6.55,0.9960114
1000,0.4,6.6,0.9958744
1000,0.4,6.65,0.9958728
1000,0.4,6.7,0.9966085
1000,0.4,6.75,0.9965125
1000,0.4,6.8,0.9965452
1000,0.4,6.85,0.9955227
1000,0.4,6.9,0.9961085
1000,0.4,6.95,0.9968325
1000,0.4,7,0.996383
1000,0.4,7.05,0.9970015
1000,0.4,7.1,0.9964569
1000,0.4,7.15,0.9970995
1000,0.4,7.2,0.9972166
1000,0.4,7.25,0.9965517
1000,0.4,7.3,0.9973507
1000,0.4,7.35,0.9968382
1000,0.4,7.4,0.9977753
1000,0.4,7.45,0.9977059
1000,0.4,7.5,0.9973195
1000,0.4,7.55,0.9971861
1000,0.4,7.6,0.9974773
1000,0.4,7.65,0.9976652
1000,0.4,7.7,0.9970557
1000,0.4,7.75,0.9971197
1000,0.4,7.8,0.9971009
1000,0.4,7.85,0.9971144
1000,0.4,7.9,0.9978322
1000,0.4,7.95,0.9977233
1000,0.4,8,0.9973844
1000,0.4,8.05,0.9975525
1000,0.4,8.1,0.9970918
1000,0.4,8.15,0.9974788
1000,0.4,8.2,0.9975357
1000,0.4,8.25,0.9978167
1000,0.4,8.3,0.9977658
1000,0.4,8.35,0.9978445
1000,0.4,8.4,0.9973519
1000,0.4,8.45,0.997802
1000,0.4,8.5,0.997465
1000,0.4,8.55,0.9977185
1000,0.4,8.6,0.9976794
1000,0.4,8.65,0.9976965
1000,0.4,8.7,0.9973455
1000,0.4,8.75,0.9979984
1000,0.4,8.8,0.998252
1000,0.4,8.85,0.9980026
1000,0.4,8.9,0.9982082
1000,0.4,8.95,0.9976548
1000,0.4,9,0.9979768
1000,0.4,9.05,0.9977168
1000,0.4,9.1,0.9980049
1000,0.4,9.15,0.9976691
1000,0.4,9.2,0.9978109
1000,0.4,9.25,0.9968866
1000,0.4,9.3,0.9980091
1000,0.4,9.35,0.997881
1000,0.4,9.4,0.9977012
1000,0.4,9.45,0.9977057
1000,0.4,9.5,0.9982041
1000,0.4,9.55,0.9981403
1000,0.4,9.6,0.9977136
1000,0.4,9.65,0.9979031
1000,0.4,9.7,0.9976347
1000,0.4,9.75,0.9979067
1000,0.4,9.8,0.997508
1000,0.4,9.85,0.997989
1000,0.4,9.9,0.9983084
1000,0.4,9.95,0.9983687
1000,0.4,10,0.9983271
1000,0.5,0.1,0.02758582
1000,0.5,0.15,0.1048624
1000,0.5,0.2,0.2206616
1000,0.5,0.25,0.2208411
1000,0.5,0.3,0.5176122
1000,0.5,0.35,0.5383306
1000,0.5,0.4,0.5435652
1000,0.5,0.45,0.594678
1000,0.5,0.5,0.654484
1000,0.5,0.55,0.6568558
1000,0.5,0.6,0.6952432
1000,0.5,0.65,0.7173315
1000,0.5,0.7,0.7444056
1000,0.5,0.75,0.7394965
1000,0.5,0.8,0.7642664
1000,0.5,0.85,0.7839317
1000,0.5,0.9,0.7921263
1000,0.5,0.95,0.7818957
1000,0.5,1,0.8210431
1000,0.5,1.05,0.7964693
1000,0.5,1.1,0.8227667
1000,0.5,1.15,0.7987822
1000,0.5,1.2,0.8390614
1000,0.5,1.25,0.8279921
1000,0.5,1.3,0.826589
1000,0.5,1.35,0.8533322
1000,0.5,1.4,0.852991
1000,0.5,1.45,0.8570897
1000,0.5,1.5,0.8701398
1000,0.5,1.55,0.8717464
1000,0.5,1.6,0.8884944
1000,0.5,1.65,0.8814795
1000,0.5,1.7,0.8934308
1000,0.5,1.75,0.8762505
1000,0.5,1.8,0.8919068
1000,0.5,1.85,0.9006803
1000,0.5,1.9,0.8982145
1000,0.5,1.95,0.9022388
1000,0.5,2,0.9085904
1000,0.5,2.05,0.9122237
1000,0.5,2.1,0.9130479
1000,0.5,2.15,0.9223803
1000,0.5,2.2,0.9168176
1000,0.5,2.25,0.9261025
1000,0.5,2.3,0.9265415
1000,0.5,2.35,0.9323122
1000,0.5,2.4,0.9283283
1000,0.5,2.45,0.9351318
1000,0.5,2.5,0.9358937
1000,0.5,2.55,0.9353087
1000,0.5,2.6,0.9432216
1000,0.5,2.65,0.9478032
1000,0.5,2.7,0.9460151
1000,0.5,2.75,0.9538242
1000,0.5,2.8,0.9515629
1000,0.5,2.85,0.955612
1000,0.5,2.9,0.9454965
1000,0.5,2.95,0.9526827
1000,0.5,3,0.9558553
1000,0.5,3.05,0.9601814
1000,0.5,3.1,0.956699
1000,0.5,3.15,0.964382
1000,0.5,3.2,0.9587896
1000,0.5,3.25,0.961011
1000,0.5,3.3,0.9622809
1000,0.5,3.35,0.9703749
1000,0.5,3.4,0.9680025
1000,0.5,3.45,0.9712338
1000,0.5,3.5,0.9722044
1000,0.5,3.55,0.9692912
1000,0.5,3.6,0.9734214
1000,0.5,3.65,0.9716293
1000,0.5,3.7,0.9738995
1000,0.5,3.75,0.976113
1000,0.5,3.8,0.9789498
1000,0.5,3.85,0.9755858
1000,0.5,3.9,0.977953
1000,0.5,3.95,0.9795129
1000,0.5,4,0.978785
1000,0.5,4.05,0.9811305
1000,0.5,4.1,0.9812952
1000,0.5,4.15,0.9792746
1000,0.5,4.2,0.9797299
1000,0.5,4.25,0.9836613
1000,0.5,4.3,0.9827811
1000,0.5,4.35,0.9852153
1000,0.5,4.4,0.985006
1000,0.5,4.45,0.984059
1000,0.5,4.5,0.9854433
1000,0.5,4.55,0.9859038
1000,0.5,4.6,0.9858236
1000,0.5,4.65,0.9886803
1000,0.5,4.7,0.9877343
1000,0.5,4.75,0.9893179
1000,0.5,4.8,0.9889562
1000,0.5,4.85,0.988961
1000,0.5,4.9,0.9892459
1000,0.5,4.95,0.9901664
1000,0.5,5,0.9872952
1000,0.5,5.05,0.9907216
1000,0.5,5.1,0.9910687
1000,0.5,5.15,0.9912181
1000,0.5,5.2,0.9913726
1000,0.5,5.25,0.9919985
1000,0.5,5.3,0.9928702
1000,0.5,5.35,0.9925047
1000,0.5,5.4,0.9926552
1000,0.5,5.45,0.9910223
1000,0.5,5.5,0.9938746
1000,0.5,5.55,0.9934528
1000,0.5,5.6,0.992525
1000,0.5,5.65,0.9942854
1000,0.5,5.7,0.9931103
1000,0.5,5.75,0.9938072
1000,0.5,5.8,0.9945543
1000,0.5,5.85,0.993765
1000,0.5,5.9,0.995236
1000,0.5,5.95,0.9950989
1000,0.5,6,0.9960637
1000,0.5,6.05,0.9955179
1000,0.5,6.1,0.9950709
1000,0.5,6.15,0.9957411
1000,0.5,6.2,0.9953908
1000,0.5,6.25,0.9956958
1000,0.5,6.3,0.9957135
1000,0.5,6.35,0.9962079
1000,0.5,6.4,0.9952231
1000,0.5,6.45,0.9958368
1000,0.5,6.5,0.9958715
1000,0.5,6.55,0.9960785
1000,0.5,6.6,0.9962527
1000,0.5,6.65,0.9964639
1000,0.5,6.7,0.9964893
1000,0.5,6.75,0.9957491
1000,0.5,6.8,0.9969108
1000,0.5,6.85,0.9970287
1000,0.5,6.9,0.9962273
1000,0.5,6.95,0.9966339
1000,0.5,7,0.9958446
1000,0.5,7.05,0.9976
1000,0.5,7.1,0.996771
1000,0.5,7.15,0.9971651
1000,0.5,7.2,0.9974498
1000,0.5,7.25,0.997042
1000,0.5,7.3,0.9972714
1000,0.5,7.35,0.9970233
1000,0.5,7.4,0.9969672
1000,0.5,7.45,0.9971414
1000,0.5,7.5,0.9972877
1000,0.5,7.55,0.9975177
1000,0.5,7.6,0.9969805
1000,0.5,7.65,0.9977123
1000,0.5,7.7,0.9973873
1000,0.5,7.75,0.9975329
1000,0.5,7.8,0.9972848
1000,0.5,7.85,0.9974347
1000,0.5,7.9,0.9971149
1000,0.5,7.95,0.9975048
1000,0.5,8,0.9978134
1000,0.5,8.05,0.997683
1000,0.5,8.1,0.997889
1000,0.5,8.15,0.9977881
1000,0.5,8.2,0.9965606
1000,0.5,8.25,0.9984213
1000,0.5,8.3,0.9975851
1000,0.5,8.35,0.9977062
1000,0.5,8.4,0.9973216
1000,0.5,8.45,0.9981781
1000,0.5,8.5,0.997796
1000,0.5,8.55,0.9970871
1000,0.5,8.6,0.9975844
1000,0.5,8.65,0.9979189
1000,0.5,8.7,0.9969941
1000,0.5,8.75,0.9976748
1000,0.5,8.8,0.9982919
1000,0.5,8.85,0.9980328
1000,0.5,8.9,0.9982585
1000,0.5,8.95,0.9975987
1000,0.5,9,0.9976054
1000,0.5,9.05,0.9979644
1000,0.5,9.1,0.9980946
1000,0.5,9.15,0.9972654
1000,0.5,9.2,0.9979192
1000,0.5,9.25,0.9976673
1000,0.5,9.3,0.998158
1000,0.5,9.35,0.9978688
1000,0.5,9.4,0.998231
1000,0.5,9.45,0.9973173
1000,0.5,9.5,0.9982427
1000,0.5,9.55,0.9972591
1000,0.5,9.6,0.9980252
1000,0.5,9.65,0.9975451
1000,0.5,9.7,0.998407
1000,0.5,9.75,0.9980997
1000,0.5,9.8,0.9979869
1000,0.5,9.85,0.9975352
1000,0.5,9.9,0.9979564
1000,0.5,9.95,0.9977203
1000,0.5,10,0.9976567
1000,0.6,0.1,0.02392779
1000,0.6,0.15,0.1042206
1000,0.6,0.2,0.235746
1000,0.6,0.25,0.3231214
1000,0.6,0.3,0.4367141
1000,0.6,0.35,0.6581549
1000,0.6,0.4,0.5739234
1000,0.6,0.45,0.5852881
1000,0.6,0.5,0.6652418
1000,0.6,0.55,0.674423
1000,0.6,0.6,0.6738109
1000,0.6,0.65,0.7153266
1000,0.6,0.7,0.72351
1000,0.6,0.75,0.7665392
1000,0.6,0.8,0.7451263
1000,0.6,0.85,0.768201
1000,0.6,0.9,0.7645134
1000,0.6,0.95,0.7835362
1000,0.6,1,0.8033643
1000,0.6,1.05,0.8141304
1000,0.6,1.1,0.8070105
1000,0.6,1.15,0.8157984
1000,0.6,1.2,0.8259575
1000,0.6,1.25,0.8376089
1000,0.6,1.3,0.8417236
1000,0.6,1.35,0.8463024
1000,0.6,1.4,0.847152
1000,0.6,1.45,0.8503955
1000,0.6,1.5,0.8636455
1000,0.6,1.55,0.8769399
1000,0.6,1.6,0.8673588
1000,0.6,1.65,0.8826751
1000,0.6,1.7,0.8831068
1000,0.6,1.75,0.8939618
1000,0.6,1.8,0.8851798
1000,0.6,1.85,0.8888189
1000,0.6,1.9,0.9008036
1000,0.6,1.95,0.9090841
1000,0.6,2,0.9023768
1000,0.6,2.05,0.9020975
1000,0.6,2.1,0.9144256
1000,0.6,2.15,0.9242297
1000,0.6,2.2,0.9150214
1000,0.6,2.25,0.92346
1000,0.6,2.3,0.9258126
1000,0.6,2.35,0.9333818
1000,0.6,2.4,0.9369293
1000,0.6,2.45,0.9372028
1000,0.6,2.5,0.937788
1000,0.6,2.55,0.9422276
1000,0.6,2.6,0.9362429
1000,0.6,2.65,0.9464445
1000,0.6,2.7,0.9467454
1000,0.6,2.75,0.9481339
1000,0.6,2.8,0.9514794
1000,0.6,2.85,0.9502765
1000,0.6,2.9,0.9508604
1000,0.6,2.95,0.9608759
1000,0.6,3,0.9563145
1000,0.6,3.05,0.9554359
1000,0.6,3.1,0.9600862
1000,0.6,3.15,0.9606251
1000,0.6,3.2,0.9592267
1000,0.6,3.25,0.9614799
1000,0.6,3.3,0.9627011
1000,0.6,3.35,0.9659369
1000,0.6,3.4,0.9670753
1000,0.6,3.45,0.9712218
1000,0.6,3.5,0.9721445
1000,0.6,3.55,0.9699539
1000,0.6,3.6,0.97351
1000,0.6,3.65,0.9740274
1000,0.6,3.7,0.9764556
1000,0.6,3.75,0.9753043
1000,0.6,3.8,0.9766422
1000,0.6,3.85,0.9780476
1000,0.6,3.9,0.9774206
1000,0.6,3.95,0.9799004
1000,0.6,4,0.9787467
1000,0.6,4.05,0.9807293
1000,0.6,4.1,0.9833582
1000,0.6,4.15,0.9809618
1000,0.6,4.2,0.984493
1000,0.6,4.25,0.9824013
1000,0.6,4.3,0.9856273
1000,0.6,4.35,0.9843668
1000,0.6,4.4,0.9866047
1000,0.6,4.45,0.9852889
1000,0.6,4.5,0.9857175
1000,0.6,4.55,0.9873764
1000,0.6,4.6,0.9875831
1000,0.6,4.65,0.986595
1000,0.6,4.7,0.9868339
1000,0.6,4.75,0.9890001
1000,0.6,4.8,0.9897291
1000,0.6,4.85,0.9902022
1000,0.6,4.9,0.9894723
1000,0.6,4.95,0.9895881
1000,0.6,5,0.9924229
1000,0.6,5.05,0.9906505
1000,0.6,5.1,0.991369
1000,0.6,5.15,0.9918487
1000,0.6,5.2,0.9899799
1000,0.6,5.25,0.9920523
1000,0.6,5.3,0.9921612
1000,0.6,5.35,0.992963
1000,0.6,5.4,0.9918563
1000,0.6,5.45,0.9931008
1000,0.6,5.5,0.9934092
1000,0.6,5.55,0.9929451
1000,0.6,5.6,0.993942
1000,0.6,5.65,0.9939963
1000,0.6,5.7,0.9938872
1000,0.6,5.75,0.9935655
1000,0.6,5.8,0.9951388
1000,0.6,5.85,0.9942982
1000,0.6,5.9,0.9950083
1000,0.6,5.95,0.9954062
1000,0.6,6,0.9946221
1000,0.6,6.05,0.9951336
1000,0.6,6.1,0.9957572
1000,0.6,6.15,0.9956246
1000,0.6,6.2,0.9958301
1000,0.6,6.25,0.9957863
1000,0.6,6.3,0.9969437
1000,0.6,6.35,0.9955588
1000,0.6,6.4,0.9963024
1000,0.6,6.45,0.9961747
1000,0.6,6.5,0.9960989
1000,0.6,6.55,0.9963924
1000,0.6,6.6,0.9965645
1000,0.6,6.65,0.9965084
1000,0.6,6.7,0.9967916
1000,0.6,6.75,0.9971918
1000,0.6,6.8,0.9965865
1000,0.6,6.85,0.996549
1000,0.6,6.9,0.9964458
1000,0.6,6.95,0.9977863
1000,0.6,7,0.9971597
1000,0.6,7.05,0.9970723
1000,0.6,7.1,0.9973923
1000,0.6,7.15,0.9971048
1000,0.6,7.2,0.996855
1000,0.6,7.25,0.9968074
1000,0.6,7.3,0.9971402
1000,0.6,7.35,0.9977081
1000,0.6,7.4,0.9974271
1000,0.6,7.45,0.9979017
1000,0.6,7.5,0.9972023
1000,0.6,7.55,0.9976445
1000,0.6,7.6,0.9974276
1000,0.6,7.65,0.9974658
1000,0.6,7.7,0.997352
1000,0.6,7.75,0.9967993
1000,0.6,7.8,0.9975892
1000,0.6,7.85,0.9976827
1000,0.6,7.9,0.9975141
1000,0.6,7.95,0.9977082
1000,0.6,8,0.9978431
1000,0.6,8.05,0.997699
1000,0.6,8.1,0.9981088
1000,0.6,8.15,0.9970772
1000,0.6,8.2,0.9967477
1000,0.6,8.25,0.9978335
1000,0.6,8.3,0.9977459
1000,0.6,8.35,0.9979526
1000,0.6,8.4,0.9976478
1000,0.6,8.45,0.9976468
1000,0.6,8.5,0.9980388
1000,0.6,8.55,0.9977785
1000,0.6,8.6,0.9977689
1000,0.6,8.65,0.9979744
1000,0.6,8.7,0.9976155
1000,0.6,8.75,0.998137
1000,0.6,8.8,0.9980309
1000,0.6,8.85,0.9982543
1000,0.6,8.9,0.9977015
1000,0.6,8.95,0.9976302
1000,0.6,9,0.997962
1000,0.6,9.05,0.9974625
1000,0.6,9.1,0.9979188
1000,0.6,9.15,0.9976121
1000,0.6,9.2,0.9984051
1000,0.6,9.25,0.9972572
1000,0.6,9.3,0.9978274
1000,0.6,9.35,0.997785
1000,0.6,9.4,0.9978766
1000,0.6,9.45,0.998004
1000,0.6,9.5,0.9980513
1000,0.6,9.55,0.9975507
1000,0.6,9.6,0.99755
1000,0.6,9.65,0.9981878
1000,0.6,9.7,0.9978102
1000,0.6,9.75,0.9982266
1000,0.6,9.8,0.9981239
1000,0.6,9.85,0.9980446
1000,0.6,9.9,0.9981518
1000,0.6,9.95,0.9980669
1000,0.6,10,0.9976986
1000,0.7,0.1,0.1163967
1000,0.7,0.15,0.1619169
1000,0.7,0.2,0.2628236
1000,0.7,0.25,0.475846
1000,0.7,0.3,0.5075628
1000,0.7,0.35,0.5287172
1000,0.7,0.4,0.5744088
1000,0.7,0.45,0.6406869
1000,0.7,0.5,0.6434515
1000,0.7,0.55,0.6838853
1000,0.7,0.6,0.7015681
1000,0.7,0.65,0.7053067
1000,0.7,0.7,0.7392139
1000,0.7,0.75,0.7154722
1000,0.7,0.8,0.7664342
1000,0.7,0.85,0.7800647
1000,0.7,0.9,0.7710468
1000,0.7,0.95,0.7807244
1000,0.7,1,0.7882444
1000,0.7,1.05,0.7928871
1000,0.7,1.1,0.801609
1000,0.7,1.15,0.8289875
1000,0.7,1.2,0.8356666
1000,0.7,1.25,0.8190691
1000,0.7,1.3,0.8497466
1000,0.7,1.35,0.8493626
1000,0.7,1.4,0.8516072
1000,0.7,1.45,0.8630224
1000,0.7,1.5,0.8766841
1000,0.7,1.55,0.8755112
1000,0.7,1.6,0.8675642
1000,0.7,1.65,0.8868052
1000,0.7,1.7,0.8788273
1000,0.7,1.75,0.9028174
1000,0.7,1.8,0.88747
1000,0.7,1.85,0.9001994
1000,0.7,1.9,0.9008522
1000,0.7,1.95,0.9057797
1000,0.7,2,0.9115506
1000,0.7,2.05,0.9194221
1000,0.7,2.1,0.9081045
1000,0.7,2.15,0.9148099
1000,0.7,2.2,0.9144437
1000,0.7,2.25,0.9161841
1000,0.7,2.3,0.9266062
1000,0.7,2.35,0.9340285
1000,0.7,2.4,0.9304383
1000,0.7,2.45,0.9343842
1000,0.7,2.5,0.9303444
1000,0.7,2.55,0.9363139
1000,0.7,2.6,0.9444015
1000,0.7,2.65,0.9466137
1000,0.7,2.7,0.9480048
1000,0.7,2.75,0.9479054
1000,0.7,2.8,0.9429106
1000,0.7,2.85,0.9570613
1000,0.7,2.9,0.950042
1000,0.7,2.95,0.9584878
1000,0.7,3,0.9564347
1000,0.7,3.05,0.9566666
1000,0.7,3.1,0.9610278
1000,0.7,3.15,0.9635573
1000,0.7,3.2,0.9629889
1000,0.7,3.25,0.9620699
1000,0.7,3.3,0.9639886
1000,0.7,3.35,0.964492
1000,0.7,3.4,0.9724626
1000,0.7,3.45,0.9696742
1000,0.7,3.5,0.9717675
1000,0.7,3.55,0.9736199
1000,0.7,3.6,0.969969
1000,0.7,3.65,0.9728758
1000,0.7,3.7,0.97565
1000,0.7,3.75,0.9749807
1000,0.7,3.8,0.9764822
1000,0.7,3.85,0.9739871
1000,0.7,3.9,0.9777992
1000,0.7,3.95,0.9790824
1000,0.7,4,0.9808192
1000,0.7,4.05,0.9808536
1000,0.7,4.1,0.9810633
1000,0.7,4.15,0.9833257
1000,0.7,4.2,0.9809745
1000,0.7,4.25,0.9835808
1000,0.7,4.3,0.9841787
1000,0.7,4.35,0.9833919
1000,0.7,4.4,0.9855677
1000,0.7,4.45,0.9861116
1000,0.7,4.5,0.9857052
1000,0.7,4.55,0.9854009
1000,0.7,4.6,0.9883411
1000,0.7,4.65,0.9866151
1000,0.7,4.7,0.9891599
1000,0.7,4.75,0.9882931
1000,0.7,4.8,0.9893402
1000,0.7,4.85,0.9887669
1000,0.7,4.9,0.9881159
1000,0.7,4.95,0.9909392
1000,0.7,5,0.990408
1000,0.7,5.05,0.990695
1000,0.7,5.1,0.9918112
1000,0.7,5.15,0.9905166
1000,0.7,5.2,0.9913773
1000,0.7,5.25,0.9921759
1000,0.7,5.3,0.9938163
1000,0.7,5.35,0.9926654
1000,0.7,5.4,0.9916175
1000,0.7,5.45,0.9931473
1000,0.7,5.5,0.9932203
1000,0.7,5.55,0.9936715
1000,0.7,5.6,0.994495
1000,0.7,5.65,0.9942846
1000,0.7,5.7,0.9943545
1000,0.7,5.75,0.9941609
1000,0.7,5.8,0.994281
1000,0.7,5.85,0.9957606
1000,0.7,5.9,0.9946032
1000,0.7,5.95,0.9948955
1000,0.7,6,0.9950192
1000,0.7,6.05,0.9956311
1000,0.7,6.1,0.9956991
1000,0.7,6.15,0.9953158
1000,0.7,6.2,0.9952819
1000,0.7,6.25,0.9955237
1000,0.7,6.3,0.9967237
1000,0.7,6.35,0.9952169
1000,0.7,6.4,0.9965286
1000,0.7,6.45,0.9960917
1000,0.7,6.5,0.996551
1000,0.7,6.55,0.9962799
1000,0.7,6.6,0.9959629
1000,0.7,6.65,0.9967072
1000,0.7,6.7,0.9963607
1000,0.7,6.75,0.9971522
1000,0.7,6.8,0.9966438
1000,0.7,6.85,0.9970683
1000,0.7,6.9,0.9973656
1000,0.7,6.95,0.9959423
1000,0.7,7,0.9960649
1000,0.7,7.05,0.9970768
1000,0.7,7.1,0.9974225
1000,0.7,7.15,0.9971608
1000,0.7,7.2,0.9973196
1000,0.7,7.25,0.9977133
1000,0.7,7.3,0.9974454
1000,0.7,7.35,0.9972662
1000,0.7,7.4,0.9969417
1000,0.7,7.45,0.9975679
1000,0.7,7.5,0.9977733
1000,0.7,7.55,0.997284
1000,0.7,7.6,0.9981414
1000,0.7,7.65,0.9973386
1000,0.7,7.7,0.9973359
1000,0.7,7.75,0.9973049
1000,0.7,7.8,0.997372
1000,0.7,7.85,0.9968332
1000,0.7,7.9,0.997431
1000,0.7,7.95,0.9978211
1000,0.7,8,0.9974921
1000,0.7,8.05,0.997631
1000,0.7,8.1,0.9981725
1000,0.7,8.15,0.9974948
1000,0.7,8.2,0.9982747
1000,0.7,8.25,0.9978502
1000,0.7,8.3,0.9969441
1000,0.7,8.35,0.9984697
1000,0.7,8.4,0.9976299
1000,0.7,8.45,0.9977269
1000,0.7,8.5,0.9973728
1000,0.7,8.55,0.9981062
1000,0.7,8.6,0.9980053
1000,0.7,8.65,0.9980324
1000,0.7,8.7,0.9975785
1000,0.7,8.75,0.9984059
1000,0.7,8.8,0.997364
1000,0.7,8.85,0.9983672
1000,0.7,8.9,0.9972416
1000,0.7,8.95,0.9982094
1000,0.7,9,0.998099
1000,0.7,9.05,0.9978742
1000,0.7,9.1,0.9977384
1000,0.7,9.15,0.9978269
1000,0.7,9.2,0.9979441
1000,0.7,9.25,0.9980322
1000,0.7,9.3,0.9976049
1000,0.7,9.35,0.9974967
1000,0.7,9.4,0.9979531
1000,0.7,9.45,0.9981016
1000,0.7,9.5,0.9978501
1000,0.7,9.55,0.9975642
1000,0.7,9.6,0.9982278
1000,0.7,9.65,0.99785
1000,0.7,9.7,0.9980197
1000,0.7,9.75,0.9979728
1000,0.7,9.8,0.997684
1000,0.7,9.85,0.9979157
1000,0.7,9.9,0.9980013
1000,0.7,9.95,0.9980229
1000,0.7,10,0.9982722
1000,0.8,0.1,0.1574652
1000,0.8,0.15,0.3243505
1000,0.8,0.2,0.3847618
1000,0.8,0.25,0.4680487
1000,0.8,0.3,0.5080422
1000,0.8,0.35,0.5953721
1000,0.8,0.4,0.6528292
1000,0.8,0.45,0.6660097
1000,0.8,0.5,0.6629339
1000,0.8,0.55,0.8027465
1000,0.8,0.6,0.7185248
1000,0.8,0.65,0.7207513
1000,0.8,0.7,0.7337725
1000,0.8,0.75,0.731142
1000,0.8,0.8,0.7555459
1000,0.8,0.85,0.7581747
1000,0.8,0.9,0.7733549
1000,0.8,0.95,0.7909504
1000,0.8,1,0.7658825
1000,0.8,1.05,0.8001374
1000,0.8,1.1,0.8174995
1000,0.8,1.15,0.8112111
1000,0.8,1.2,0.8325745
1000,0.8,1.25,0.8234296
1000,0.8,1.3,0.8428321
1000,0.8,1.35,0.8481937
1000,0.8,1.4,0.8484427
1000,0.8,1.45,0.8659398
1000,0.8,1.5,0.862748
1000,0.8,1.55,0.8569208
1000,0.8,1.6,0.8831271
1000,0.8,1.65,0.8704026
1000,0.8,1.7,0.8812232
1000,0.8,1.75,0.8954853
1000,0.8,1.8,0.8987553
1000,0.8,1.85,0.9022892
1000,0.8,1.9,0.9117587
1000,0.8,1.95,0.911412
1000,0.8,2,0.9058277
1000,0.8,2.05,0.9149758
1000,0.8,2.1,0.9143533
1000,0.8,2.15,0.9207291
1000,0.8,2.2,0.9188013
1000,0.8,2.25,0.9251956
1000,0.8,2.3,0.9239263
1000,0.8,2.35,0.9244629
1000,0.8,2.4,0.9319089
1000,0.8,2.45,0.9370681
1000,0.8,2.5,0.9381923
1000,0.8,2.55,0.9431166
1000,0.8,2.6,0.9428908
1000,0.8,2.65,0.9454053
1000,0.8,2.7,0.9434831
1000,0.8,2.75,0.9472699
1000,0.8,2.8,0.9489019
1000,0.8,2.85,0.9536019
1000,0.8,2.9,0.9528045
1000,0.8,2.95,0.9548916
1000,0.8,3,0.9584915
1000,0.8,3.05,0.9573663
1000,0.8,3.1,0.963288
1000,0.8,3.15,0.9629493
1000,0.8,3.2,0.9648009
1000,0.8,3.25,0.9654755
1000,0.8,3.3,0.9653326
1000,0.8,3.35,0.9672132
1000,0.8,3.4,0.9663198
1000,0.8,3.45,0.9702884
1000,0.8,3.5,0.9706569
1000,0.8,3.55,0.9731844
1000,0.8,3.6,0.9733683
1000,0.8,3.65,0.9740942
1000,0.8,3.7,0.9745548
1000,0.8,3.75,0.9736046
1000,0.8,3.8,0.9780343
1000,0.8,3.85,0.9753091
1000,0.8,3.9,0.9780154
1000,0.8,3.95,0.9786671
1000,0.8,4,0.9805065
1000,0.8,4.05,0.9803441
1000,0.8,4.1,0.9814247
1000,0.8,4.15,0.9811904
1000,0.8,4.2,0.9831416
1000,0.8,4.25,0.98326
1000,0.8,4.3,0.9829377
1000,0.8,4.35,0.9840556
1000,0.8,4.4,0.985609
1000,0.8,4.45,0.9849713
1000,0.8,4.5,0.9874338
1000,0.8,4.55,0.9862918
1000,0.8,4.6,0.9879017
1000,0.8,4.65,0.9868467
1000,0.8,4.7,0.9869006
1000,0.8,4.75,0.9888478
1000,0.8,4.8,0.9879125
1000,0.8,4.85,0.9898437
1000,0.8,4.9,0.9889646
1000,0.8,4.95,0.9902489
1000,0.8,5,0.9901492
1000,0.8,5.05,0.9915482
1000,0.8,5.1,0.9917051
1000,0.8,5.15,0.9911678
1000,0.8,5.2,0.9921906
1000,0.8,5.25,0.9924941
1000,0.8,5.3,0.9921836
1000,0.8,5.35,0.9933711
1000,0.8,5.4,0.9925745
1000,0.8,5.45,0.9933016
1000,0.8,5.5,0.9938171
1000,0.8,5.55,0.9926658
1000,0.8,5.6,0.9940305
1000,0.8,5.65,0.9939229
1000,0.8,5.7,0.9941075
1000,0.8,5.75,0.9940902
1000,0.8,5.8,0.9940659
1000,0.8,5.85,0.9937535
1000,0.8,5.9,0.9953259
1000,0.8,5.95,0.9951883
1000,0.8,6,0.9953183
1000,0.8,6.05,0.9958999
1000,0.8,6.1,0.9957904
1000,0.8,6.15,0.9959659
1000,0.8,6.2,0.9954244
1000,0.8,6.25,0.9955388
1000,0.8,6.3,0.9960768
1000,0.8,6.35,0.9962435
1000,0.8,6.4,0.9968066
1000,0.8,6.45,0.9961032
1000,0.8,6.5,0.9961453
1000,0.8,6.55,0.9964241
1000,0.8,6.6,0.9969811
1000,0.8,6.65,0.9969525
1000,0.8,6.7,0.9965962
1000,0.8,6.75,0.996065
1000,0.8,6.8,0.9967492
1000,0.8,6.85,0.9970605
1000,0.8,6.9,0.9970858
1000,0.8,6.95,0.9973108
1000,0.8,7,0.9968794
1000,0.8,7.05,0.9969714
1000,0.8,7.1,0.9973561
1000,0.8,7.15,0.9970703
1000,0.8,7.2,0.9976417
1000,0.8,7.25,0.9975749
1000,0.8,7.3,0.9979186
1000,0.8,7.35,0.9979598
1000,0.8,7.4,0.9978526
1000,0.8,7.45,0.9977246
1000,0.8,7.5,0.9971538
1000,0.8,7.55,0.9974241
1000,0.8,7.6,0.9976127
1000,0.8,7.65,0.9978701
1000,0.8,7.7,0.9974012
1000,0.8,7.75,0.9971128
1000,0.8,7.8,0.9978653
1000,0.8,7.85,0.9976487
1000,0.8,7.9,0.9979177
1000,0.8,7.95,0.9979271
1000,0.8,8,0.9981802
1000,0.8,8.05,0.9974334
1000,0.8,8.1,0.9976562
1000,0.8,8.15,0.997377
1000,0.8,8.2,0.9980391
1000,0.8,8.25,0.9975041
1000,0.8,8.3,0.9975116
1000,0.8,8.35,0.9980268
1000,0.8,8.4,0.9979075
1000,0.8,8.45,0.9973933
1000,0.8,8.5,0.9974641
1000,0.8,8.55,0.9982709
1000,0.8,8.6,0.9974809
1000,0.8,8.65,0.997716
1000,0.8,8.7,0.9981424
1000,0.8,8.75,0.9973776
1000,0.8,8.8,0.9975948
1000,0.8,8.85,0.9983081
1000,0.8,8.9,0.9982261
1000,0.8,8.95,0.9975763
1000,0.8,9,0.9980862
1000,0.8,9.05,0.9976943
1000,0.8,9.1,0.9975363
1000,0.8,9.15,0.9978339
1000,0.8,9.2,0.9977279
1000,0.8,9.25,0.9979204
1000,0.8,9.3,0.9976381
1000,0.8,9.35,0.9982505
1000,0.8,9.4,0.9977785
1000,0.8,9.45,0.9977663
1000,0.8,9.5,0.9980562
1000,0.8,9.55,0.9976597
1000,0.8,9.6,0.9980692
1000,0.8,9.65,0.997565
1000,0.8,9.7,0.9978108
1000,0.8,9.75,0.9980864
1000,0.8,9.8,0.9975582
1000,0.8,9.85,0.9984532
1000,0.8,9.9,0.9980696
1000,0.8,9.95,0.9974915
1000,0.8,10,0.9982251
1000,0.9,0.1,0.1544107
1000,0.9,0.15,0.2789481
1000,0.9,0.2,0.4892092
1000,0.9,0.25,0.5071485
1000,0.9,0.3,0.5770351
1000,0.9,0.35,0.6064116
1000,0.9,0.4,0.6663366
1000,0.9,0.45,0.6637982
1000,0.9,0.5,0.7457882
1000,0.9,0.55,0.6918369
1000,0.9,0.6,0.7393218
1000,0.9,0.65,0.7392093
1000,0.9,0.7,0.8552483
1000,0.9,0.75,0.7485255
1000,0.9,0.8,0.7669836
1000,0.9,0.85,0.8111784
1000,0.9,0.9,0.783793
1000,0.9,0.95,0.7919137
1000,0.9,1,0.8325289
1000,0.9,1.05,0.7959588
1000,0.9,1.1,0.8236273
1000,0.9,1.15,0.8245816
1000,0.9,1.2,0.8201575
1000,0.9,1.25,0.8298345
1000,0.9,1.3,0.8453511
1000,0.9,1.35,0.8489173
1000,0.9,1.4,0.8559827
1000,0.9,1.45,0.8441297
1000,0.9,1.5,0.8806722
1000,0.9,1.55,0.8585466
1000,0.9,1.6,0.8743934
1000,0.9,1.65,0.8687154
1000,0.9,1.7,0.8840461
1000,0.9,1.75,0.8854701
1000,0.9,1.8,0.8947505
1000,0.9,1.85,0.9018382
1000,0.9,1.9,0.9029252
1000,0.9,1.95,0.9034543
1000,0.9,2,0.8993304
1000,0.9,2.05,0.9061872
1000,0.9,2.1,0.9109546
1000,0.9,2.15,0.9104983
1000,0.9,2.2,0.9179186
1000,0.9,2.25,0.9232469
1000,0.9,2.3,0.9290399
1000,0.9,2.35,0.9342927
1000,0.9,2.4,0.92782
1000,0.9,2.45,0.9366984
1000,0.9,2.5,0.9352676
1000,0.9,2.55,0.9372926
1000,0.9,2.6,0.9420632
1000,0.9,2.65,0.9459831
1000,0.9,2.7,0.9438338
1000,0.9,2.75,0.9442137
1000,0.9,2.8,0.9496646
1000,0.9,2.85,0.9479538
1000,0.9,2.9,0.9542295
1000,0.9,2.95,0.9586902
1000,0.9,3,0.9569923
1000,0.9,3.05,0.9581318
1000,0.9,3.1,0.9574931
1000,0.9,3.15,0.9607251
1000,0.9,3.2,0.9648769
1000,0.9,3.25,0.9642161
1000,0.9,3.3,0.9662416
1000,0.9,3.35,0.9691122
1000,0.9,3.4,0.9668574
1000,0.9,3.45,0.968537
1000,0.9,3.5,0.9727357
1000,0.9,3.55,0.9709087
1000,0.9,3.6,0.9718845
1000,0.9,3.65,0.9740445
1000,0.9,3.7,0.975049
1000,0.9,3.75,0.97678
1000,0.9,3.8,0.9739455
1000,0.9,3.85,0.9765909
1000,0.9,3.9,0.9792532
1000,0.9,3.95,0.9793032
1000,0.9,4,0.9809832
1000,0.9,4.05,0.9802663
1000,0.9,4.1,0.9813999
1000,0.9,4.15,0.9826813
1000,0.9,4.2,0.9817308
1000,0.9,4.25,0.9848827
1000,0.9,4.3,0.9838597
1000,0.9,4.35,0.9851466
1000,0.9,4.4,0.9868477
1000,0.9,4.45,0.985743
1000,0.9,4.5,0.9839734
1000,0.9,4.55,0.9859468
1000,0.9,4.6,0.9871184
1000,0.9,4.65,0.9886367
1000,0.9,4.7,0.9884702
1000,0.9,4.75,0.9882732
1000,0.9,4.8,0.9895388
1000,0.9,4.85,0.9904076
1000,0.9,4.9,0.9904184
1000,0.9,4.95,0.9900134
1000,0.9,5,0.9903051
1000,0.9,5.05,0.9911551
1000,0.9,5.1,0.9905129
1000,0.9,5.15,0.9920099
1000,0.9,5.2,0.9922264
1000,0.9,5.25,0.9919176
1000,0.9,5.3,0.9910874
1000,0.9,5.35,0.9913227
1000,0.9,5.4,0.9926845
1000,0.9,5.45,0.993234
1000,0.9,5.5,0.9926994
1000,0.9,5.55,0.994346
1000,0.9,5.6,0.994555
1000,0.9,5.65,0.9940419
1000,0.9,5.7,0.994372
1000,0.9,5.75,0.9951153
1000,0.9,5.8,0.9937527
1000,0.9,5.85,0.9954435
1000,0.9,5.9,0.9949744
1000,0.9,5.95,0.9958517
1000,0.9,6,0.9955129
1000,0.9,6.05,0.9950093
1000,0.9,6.1,0.9956351
1000,0.9,6.15,0.9962629
1000,0.9,6.2,0.9955262
1000,0.9,6.25,0.9950769
1000,0.9,6.3,0.9956574
1000,0.9,6.35,0.9962315
1000,0.9,6.4,0.995861
1000,0.9,6.45,0.995287
1000,0.9,6.5,0.9961584
1000,0.9,6.55,0.9963671
1000,0.9,6.6,0.9965001
1000,0.9,6.65,0.9957947
1000,0.9,6.7,0.9962887
1000,0.9,6.75,0.9966792
1000,0.9,6.8,0.9966954
1000,0.9,6.85,0.9971393
1000,0.9,6.9,0.997438
1000,0.9,6.95,0.9967741
1000,0.9,7,0.9975963
1000,0.9,7.05,0.9973106
1000,0.9,7.1,0.9975688
1000,0.9,7.15,0.9975465
1000,0.9,7.2,0.9970505
1000,0.9,7.25,0.9966702
1000,0.9,7.3,0.9979115
1000,0.9,7.35,0.997309
1000,0.9,7.4,0.9970509
1000,0.9,7.45,0.99726
1000,0.9,7.5,0.9974809
1000,0.9,7.55,0.9972324
1000,0.9,7.6,0.9976334
1000,0.9,7.65,0.9972094
1000,0.9,7.7,0.9975508
1000,0.9,7.75,0.9972918
1000,0.9,7.8,0.9975508
1000,0.9,7.85,0.9977822
1000,0.9,7.9,0.9968383
1000,0.9,7.95,0.9978538
1000,0.9,8,0.9976916
1000,0.9,8.05,0.997909
1000,0.9,8.1,0.9976909
1000,0.9,8.15,0.997861
1000,0.9,8.2,0.9979743
1000,0.9,8.25,0.9979871
1000,0.9,8.3,0.9978216
1000,0.9,8.35,0.9975708
1000,0.9,8.4,0.9975904
1000,0.9,8.45,0.9982902
1000,0.9,8.5,0.9974208
1000,0.9,8.55,0.9975616
1000,0.9,8.6,0.9981869
1000,0.9,8.65,0.997779
1000,0.9,8.7,0.9983522
1000,0.9,8.75,0.9975829
1000,0.9,8.8,0.9974787
1000,0.9,8.85,0.9977488
1000,0.9,8.9,0.9979842
1000,0.9,8.95,0.9970871
1000,0.9,9,0.9977293
1000,0.9,9.05,0.9975334
1000,0.9,9.1,0.9976716
1000,0.9,9.15,0.9975235
1000,0.9,9.2,0.9979257
1000,0.9,9.25,0.9976256
1000,0.9,9.3,0.99788
1000,0.9,9.35,0.9983245
1000,0.9,9.4,0.9975942
1000,0.9,9.45,0.9982731
1000,0.9,9.5,0.9976672
1000,0.9,9.55,0.9980306
1000,0.9,9.6,0.998052
1000,0.9,9.65,0.9981817
1000,0.9,9.7,0.9980068
1000,0.9,9.75,0.9980061
1000,0.9,9.8,0.9984629
1000,0.9,9.85,0.9972141
1000,0.9,9.9,0.9977984
1000,0.9,9.95,0.9983635
1000,0.9,10,0.9981874
